{
 "cells": [
  {
   "cell_type": "markdown",
   "metadata": {},
   "source": [
    "### MNIST Classification using 2 layer CNN"
   ]
  },
  {
   "cell_type": "code",
   "execution_count": 1,
   "metadata": {},
   "outputs": [
    {
     "name": "stderr",
     "output_type": "stream",
     "text": [
      "/home/armughan/anaconda2/envs/py3/lib/python3.6/importlib/_bootstrap.py:219: RuntimeWarning: compiletime version 3.5 of module 'tensorflow.python.framework.fast_tensor_util' does not match runtime version 3.6\n",
      "  return f(*args, **kwds)\n",
      "/home/armughan/anaconda2/envs/py3/lib/python3.6/site-packages/h5py/__init__.py:36: FutureWarning: Conversion of the second argument of issubdtype from `float` to `np.floating` is deprecated. In future, it will be treated as `np.float64 == np.dtype(float).type`.\n",
      "  from ._conv import register_converters as _register_converters\n"
     ]
    }
   ],
   "source": [
    "#loading modules \n",
    "import numpy as np\n",
    "import tensorflow as tf\n"
   ]
  },
  {
   "cell_type": "code",
   "execution_count": 10,
   "metadata": {
    "collapsed": true
   },
   "outputs": [],
   "source": [
    "#loading hyperparameters\n",
    "def vanilla_cnn(features,labels,mode):\n",
    "    \n",
    "    #reshaping features so that they can be used by convolutional layer input \n",
    "    x=tf.reshape(features['x'],[-1,28,28,1])\n",
    "    \n",
    "    conv1=tf.layers.conv2d(inputs=x,filters=32,kernel_size=[5,5],strides=1,padding='same',activation=tf.nn.relu)\n",
    "    pool1=tf.layers.max_pooling2d(inputs=conv1,pool_size=[2,2],strides=2)\n",
    "    \n",
    "#     bn1=tf.layers.batch_normalization(inputs=pool1,training=(mode==tf.estimator.ModeKeys.TRAIN))\n",
    "    \n",
    "    conv2=tf.layers.conv2d(inputs=pool1,filters=64,kernel_size=[5,5],strides=1,padding='same',activation=tf.nn.relu)\n",
    "    pool2=tf.layers.max_pooling2d(inputs=conv2,pool_size=[2,2],strides=2)\n",
    "    flat_pool2=tf.reshape(pool2, [-1, 7 * 7 * 64])\n",
    "#     bn2=tf.layers.batch_normalization(inputs=pool2,training=(mode==tf.estimator.ModeKeys.TRAIN))\n",
    "    \n",
    "    \n",
    "    dense = tf.layers.dense(inputs=flat_pool2,units=1024, activation=tf.nn.relu)\n",
    "    dropout = tf.layers.dropout(inputs=dense, rate=0.4, training=mode == tf.estimator.ModeKeys.TRAIN)\n",
    "    \n",
    "    # Logits Layer\n",
    "    logits = tf.layers.dense(inputs=dropout, units=10)\n",
    "    \n",
    "    predictions = {\n",
    "      # Generate predictions (for PREDICT and EVAL mode)\n",
    "      \"classes\": tf.argmax(input=logits, axis=1),\n",
    "      # Add `softmax_tensor` to the graph. It is used for PREDICT and by the\n",
    "      # `logging_hook`.\n",
    "      \"probabilities\": tf.nn.softmax(logits, name=\"softmax_tensor\")\n",
    "    }\n",
    "    \n",
    "    if mode == tf.estimator.ModeKeys.PREDICT:\n",
    "        return tf.estimator.EstimatorSpec(mode=mode, predictions=predictions)\n",
    "\n",
    "    # Calculate Loss (for both TRAIN and EVAL modes)\n",
    "    onehot_labels = tf.one_hot(indices=tf.cast(labels, tf.int32), depth=10)\n",
    "    loss = tf.losses.softmax_cross_entropy(onehot_labels=onehot_labels, logits=logits)\n",
    "\n",
    "\n",
    "    # Configure the Training Op (for TRAIN mode)\n",
    "    if mode == tf.estimator.ModeKeys.TRAIN:\n",
    "        optimizer = tf.train.GradientDescentOptimizer(learning_rate=0.001)\n",
    "        train_op = optimizer.minimize(\n",
    "            loss=loss,\n",
    "            global_step=tf.train.get_global_step())\n",
    "        return tf.estimator.EstimatorSpec(mode=mode, loss=loss, train_op=train_op)\n",
    "\n",
    "  # Add evaluation metrics (for EVAL mode)\n",
    "    eval_metric_ops = {\"accuracy\": tf.metrics.accuracy(labels=labels, predictions=predictions[\"classes\"])}\n",
    "    return tf.estimator.EstimatorSpec(mode=mode, loss=loss, eval_metric_ops=eval_metric_ops)\n",
    "    \n",
    "    \n",
    "    "
   ]
  },
  {
   "cell_type": "code",
   "execution_count": 2,
   "metadata": {},
   "outputs": [
    {
     "name": "stdout",
     "output_type": "stream",
     "text": [
      "Successfully downloaded train-images-idx3-ubyte.gz 9912422 bytes.\n",
      "Extracting MNIST-data/train-images-idx3-ubyte.gz\n",
      "Successfully downloaded train-labels-idx1-ubyte.gz 28881 bytes.\n",
      "Extracting MNIST-data/train-labels-idx1-ubyte.gz\n",
      "Successfully downloaded t10k-images-idx3-ubyte.gz 1648877 bytes.\n",
      "Extracting MNIST-data/t10k-images-idx3-ubyte.gz\n",
      "Successfully downloaded t10k-labels-idx1-ubyte.gz 4542 bytes.\n",
      "Extracting MNIST-data/t10k-labels-idx1-ubyte.gz\n"
     ]
    }
   ],
   "source": [
    "# Load training and eval data\n",
    "mnist = tf.contrib.learn.datasets.load_dataset(\"mnist\")\n",
    "train_data = mnist.train.images # Returns np.array\n",
    "train_labels = np.asarray(mnist.train.labels, dtype=np.int32)\n",
    "eval_data = mnist.test.images # Returns np.array\n",
    "eval_labels = np.asarray(mnist.test.labels, dtype=np.int32)\n",
    "    \n",
    "    "
   ]
  },
  {
   "cell_type": "code",
   "execution_count": 11,
   "metadata": {},
   "outputs": [
    {
     "name": "stdout",
     "output_type": "stream",
     "text": [
      "INFO:tensorflow:Using default config.\n",
      "INFO:tensorflow:Using config: {'_model_dir': '/tmp/mnist_convnet_model', '_tf_random_seed': None, '_save_summary_steps': 100, '_save_checkpoints_steps': None, '_save_checkpoints_secs': 600, '_session_config': None, '_keep_checkpoint_max': 5, '_keep_checkpoint_every_n_hours': 10000, '_log_step_count_steps': 100, '_service': None, '_cluster_spec': <tensorflow.python.training.server_lib.ClusterSpec object at 0x7f34d508f780>, '_task_type': 'worker', '_task_id': 0, '_master': '', '_is_chief': True, '_num_ps_replicas': 0, '_num_worker_replicas': 1}\n"
     ]
    }
   ],
   "source": [
    "#Create the Estimator\n",
    "mnist_classifier = tf.estimator.Estimator(model_fn=vanilla_cnn, model_dir=\"/tmp/mnist_convnet_model\")\n",
    "\n",
    "# Set up logging for predictions\n",
    "tensors_to_log = {\"probabilities\": \"softmax_tensor\"}\n",
    "logging_hook = tf.train.LoggingTensorHook(tensors=tensors_to_log, every_n_iter=50)"
   ]
  },
  {
   "cell_type": "code",
   "execution_count": null,
   "metadata": {},
   "outputs": [
    {
     "name": "stdout",
     "output_type": "stream",
     "text": [
      "INFO:tensorflow:Create CheckpointSaverHook.\n",
      "INFO:tensorflow:Saving checkpoints for 1 into /tmp/mnist_convnet_model/model.ckpt.\n",
      "INFO:tensorflow:probabilities = [[0.09680492 0.11414912 0.10211033 0.08581057 0.09767735 0.09343682\n",
      "  0.11707465 0.08867776 0.10942014 0.09483835]\n",
      " [0.08891659 0.10614497 0.10318919 0.06992132 0.1048413  0.1087228\n",
      "  0.1072963  0.08651544 0.11929644 0.10515565]\n",
      " [0.10178921 0.11040293 0.09314185 0.09703463 0.11348052 0.09788701\n",
      "  0.10235678 0.09607411 0.09863956 0.08919341]\n",
      " [0.10070194 0.10142606 0.10752758 0.07605284 0.11008052 0.09286863\n",
      "  0.10093386 0.08112945 0.1228539  0.10642519]\n",
      " [0.09647093 0.10269082 0.10381881 0.07954647 0.09030437 0.11353223\n",
      "  0.09973568 0.09744451 0.11711562 0.09934051]\n",
      " [0.09799779 0.10558106 0.09072269 0.08700664 0.10598001 0.11310381\n",
      "  0.10519858 0.0841469  0.11651756 0.09374503]\n",
      " [0.10324786 0.10271572 0.10007585 0.08261964 0.10586955 0.08977333\n",
      "  0.11573295 0.09781488 0.10108495 0.10106527]\n",
      " [0.10381956 0.10478784 0.08649918 0.09130171 0.10693845 0.10283812\n",
      "  0.10438105 0.09830967 0.09656101 0.10456342]\n",
      " [0.10236309 0.09674008 0.1003931  0.07474977 0.10595901 0.09864333\n",
      "  0.10963312 0.08876067 0.13232255 0.09043527]\n",
      " [0.09928949 0.10522425 0.10182121 0.07514748 0.12225965 0.08310664\n",
      "  0.0931972  0.08778418 0.12123892 0.11093101]\n",
      " [0.09938841 0.09751393 0.09880131 0.07656903 0.1025847  0.10109334\n",
      "  0.10964292 0.08778896 0.12255925 0.10405818]\n",
      " [0.1005315  0.10259686 0.10205614 0.08878239 0.09843662 0.10432484\n",
      "  0.10926683 0.08757585 0.10185471 0.10457425]\n",
      " [0.0967577  0.10326292 0.10598613 0.0814186  0.10540094 0.1002561\n",
      "  0.09784716 0.08371641 0.10957979 0.11577423]\n",
      " [0.10489637 0.09680939 0.09068041 0.0844603  0.09699871 0.10393779\n",
      "  0.11512266 0.0879317  0.1206606  0.09850203]\n",
      " [0.10101322 0.11089819 0.10787078 0.08544554 0.09653139 0.10167643\n",
      "  0.09900026 0.09390585 0.10775804 0.09590028]\n",
      " [0.09517581 0.10945351 0.09627539 0.08711107 0.09035835 0.09318122\n",
      "  0.1051119  0.09651241 0.12057551 0.10624474]\n",
      " [0.1032193  0.11539896 0.08535051 0.07198307 0.10504941 0.11432218\n",
      "  0.09824457 0.08951291 0.12161885 0.09530023]\n",
      " [0.1085245  0.10712543 0.10431233 0.08479738 0.10585818 0.09915177\n",
      "  0.0999729  0.08458798 0.10785573 0.09781378]\n",
      " [0.1053326  0.09323193 0.08924323 0.0756432  0.11532795 0.1005627\n",
      "  0.11033159 0.09445445 0.11876132 0.09711105]\n",
      " [0.11087333 0.10212678 0.0866062  0.08991541 0.10685782 0.09002171\n",
      "  0.11327645 0.0938106  0.11325449 0.09325722]\n",
      " [0.1016814  0.10812845 0.09876243 0.07240042 0.11260898 0.09024849\n",
      "  0.12526521 0.09385924 0.10762248 0.08942286]\n",
      " [0.10224531 0.10392877 0.10157833 0.08032363 0.10835165 0.10032284\n",
      "  0.10798123 0.09037068 0.11133    0.09356752]\n",
      " [0.10049209 0.10565102 0.0816346  0.09080083 0.1118056  0.09512896\n",
      "  0.10200247 0.08695453 0.10921789 0.116312  ]\n",
      " [0.11412549 0.10810602 0.104043   0.07761981 0.10064539 0.09362447\n",
      "  0.10313117 0.09010895 0.11227316 0.09632249]\n",
      " [0.10040367 0.10181964 0.09544867 0.0956637  0.10236446 0.10145211\n",
      "  0.1003452  0.09601901 0.10725899 0.09922455]\n",
      " [0.10912284 0.10181625 0.10512305 0.08369239 0.10316209 0.10375732\n",
      "  0.10725331 0.08878398 0.09988018 0.09740862]\n",
      " [0.09349161 0.09587867 0.11537422 0.07518468 0.10151376 0.10017677\n",
      "  0.10813732 0.09172954 0.11271123 0.10580219]\n",
      " [0.1083175  0.10009792 0.08893231 0.09764257 0.10530305 0.10046485\n",
      "  0.11033492 0.08652791 0.11178999 0.0905889 ]\n",
      " [0.09614182 0.10967549 0.0951877  0.08791913 0.10648917 0.10149895\n",
      "  0.10698423 0.09161615 0.11256804 0.09191927]\n",
      " [0.09847002 0.10668376 0.09336521 0.07540201 0.10931753 0.09697714\n",
      "  0.10460087 0.09664438 0.11640748 0.10213162]\n",
      " [0.11489053 0.10114375 0.09444381 0.0822964  0.09599261 0.10265191\n",
      "  0.10233879 0.09738272 0.11472411 0.0941354 ]\n",
      " [0.10210124 0.11037529 0.09801639 0.07968686 0.1083336  0.08323753\n",
      "  0.10451994 0.09216414 0.11249574 0.10906925]\n",
      " [0.09373109 0.09625342 0.11526143 0.09171698 0.10401663 0.09604322\n",
      "  0.10591584 0.09111268 0.10387903 0.1020697 ]\n",
      " [0.11683132 0.08938808 0.09755349 0.07227268 0.11107011 0.099895\n",
      "  0.10745455 0.09562857 0.10952914 0.10037705]\n",
      " [0.11020798 0.10663065 0.09440938 0.06982338 0.08432733 0.11585693\n",
      "  0.12126295 0.09147932 0.10982357 0.09617856]\n",
      " [0.09637748 0.10358563 0.09312937 0.08790576 0.12086108 0.08238748\n",
      "  0.10106557 0.09641823 0.11901247 0.09925699]\n",
      " [0.10782708 0.11078341 0.10213315 0.08224139 0.10461911 0.08872904\n",
      "  0.10410451 0.08670536 0.11417106 0.09868588]\n",
      " [0.10176592 0.09660291 0.10419    0.07865092 0.10414471 0.10108404\n",
      "  0.10559622 0.09660593 0.10208296 0.10927635]\n",
      " [0.09621628 0.09694134 0.11380593 0.08741587 0.1010175  0.0979766\n",
      "  0.09722961 0.089692   0.11397531 0.10572958]\n",
      " [0.09344988 0.10812065 0.10779586 0.08286938 0.09303968 0.08904823\n",
      "  0.12283376 0.07629377 0.1099765  0.11657229]\n",
      " [0.1172324  0.1145226  0.09351087 0.07829408 0.10975268 0.10156036\n",
      "  0.10659078 0.07971007 0.09859239 0.10023374]\n",
      " [0.09968381 0.10693461 0.08782557 0.08469604 0.09829611 0.10650088\n",
      "  0.10084363 0.09609391 0.10600854 0.11311695]\n",
      " [0.10408846 0.09536768 0.09081171 0.0779665  0.11960617 0.10580251\n",
      "  0.10621825 0.09180831 0.09877249 0.10955789]\n",
      " [0.10254321 0.10609201 0.11413728 0.06729668 0.10978146 0.09974252\n",
      "  0.10939554 0.08252665 0.11293863 0.0955461 ]\n",
      " [0.09858511 0.1092019  0.09646182 0.0911243  0.10291249 0.09121975\n",
      "  0.10307202 0.09633992 0.11379627 0.09728646]\n",
      " [0.11235356 0.10326476 0.09892301 0.08734295 0.11373702 0.0943452\n",
      "  0.09628944 0.08770673 0.10914164 0.09689569]\n",
      " [0.10230239 0.10127296 0.09698237 0.09263706 0.09597108 0.09520488\n",
      "  0.11543829 0.09377158 0.11363272 0.09278668]\n",
      " [0.10599542 0.10831133 0.1019617  0.0768849  0.0995367  0.09013133\n",
      "  0.10687605 0.0958277  0.10192013 0.11255476]\n",
      " [0.10056504 0.09758109 0.11121427 0.07584225 0.10284182 0.10119654\n",
      "  0.11480545 0.08349244 0.10417344 0.10828764]\n",
      " [0.10656547 0.0944711  0.10341978 0.08031936 0.09532685 0.10218126\n",
      "  0.12486803 0.08789851 0.11338821 0.09156142]\n",
      " [0.12053122 0.100663   0.09623039 0.07640145 0.09791487 0.10908858\n",
      "  0.1000448  0.0908872  0.11614244 0.0920961 ]\n",
      " [0.10832913 0.10363911 0.10038999 0.08332933 0.1035792  0.0923159\n",
      "  0.10620505 0.09265108 0.11315487 0.0964063 ]\n",
      " [0.09189576 0.10001658 0.09909699 0.0858208  0.10154035 0.09578234\n",
      "  0.10607699 0.09897128 0.11199626 0.10880263]\n",
      " [0.09318497 0.11039206 0.10926079 0.0898215  0.08634288 0.10109717\n",
      "  0.09599954 0.07982214 0.11878072 0.11529826]\n",
      " [0.09482064 0.10978308 0.10631821 0.077541   0.10739806 0.09686394\n",
      "  0.10632029 0.09436786 0.125076   0.08151093]\n",
      " [0.08947378 0.09454574 0.10696892 0.08169822 0.10346646 0.10637571\n",
      "  0.11678185 0.09067816 0.11289925 0.09711189]\n",
      " [0.09699458 0.10004959 0.11186343 0.08600834 0.11658493 0.08327575\n",
      "  0.11082343 0.09520669 0.10764023 0.09155311]\n",
      " [0.10585875 0.09025724 0.10126898 0.0735966  0.10430013 0.09613885\n",
      "  0.11215483 0.09515516 0.12711746 0.09415204]\n",
      " [0.09141719 0.08869576 0.09097216 0.09804406 0.10707144 0.10002758\n",
      "  0.10582106 0.08565267 0.11669378 0.11560427]\n",
      " [0.10847241 0.0993427  0.08409319 0.08699106 0.10636377 0.09820908\n",
      "  0.10090202 0.10186511 0.11731728 0.09644336]\n",
      " [0.09870677 0.09921535 0.10089765 0.08983521 0.0978215  0.09998268\n",
      "  0.10682705 0.09228607 0.11161467 0.10281301]\n",
      " [0.10796581 0.09601233 0.10326497 0.07790938 0.09726454 0.10554323\n",
      "  0.1086752  0.10571948 0.10495499 0.09269007]\n",
      " [0.09914598 0.11445868 0.13224603 0.07224653 0.08647268 0.0964678\n",
      "  0.09771372 0.09224445 0.1256006  0.08340356]\n",
      " [0.08892048 0.09597368 0.10212969 0.08305701 0.09967476 0.10478167\n",
      "  0.10662017 0.09160008 0.11956033 0.10768209]\n",
      " [0.10608038 0.10459668 0.10589633 0.07539728 0.10729547 0.10785086\n",
      "  0.11432985 0.07901354 0.10503695 0.09450269]\n",
      " [0.09459841 0.10525079 0.10477597 0.08404226 0.09241979 0.09928987\n",
      "  0.1220393  0.08231601 0.11848515 0.0967825 ]\n",
      " [0.10527975 0.11035919 0.08842649 0.09513678 0.10354642 0.10277707\n",
      "  0.09842907 0.09182367 0.11407888 0.09014265]\n",
      " [0.10127004 0.12355233 0.10850029 0.07298066 0.09843691 0.09444194\n",
      "  0.09685569 0.0851324  0.1069308  0.11189895]\n",
      " [0.09212168 0.09071423 0.10291559 0.08569429 0.09316493 0.11329592\n",
      "  0.12114511 0.08484969 0.11853992 0.09755859]\n",
      " [0.09595595 0.0932027  0.09617814 0.09134653 0.10212421 0.10863513\n",
      "  0.10318299 0.09643027 0.11304698 0.09989708]\n",
      " [0.10584457 0.10678001 0.08493552 0.07972293 0.09551696 0.10785498\n",
      "  0.13071118 0.07713968 0.12428658 0.0872076 ]\n",
      " [0.10805458 0.11131688 0.09499277 0.08523718 0.10395288 0.092163\n",
      "  0.10262843 0.08589662 0.1237661  0.0919915 ]\n",
      " [0.11706231 0.10629735 0.09718163 0.08893593 0.09980559 0.093299\n",
      "  0.10329801 0.09092909 0.11333999 0.0898512 ]\n",
      " [0.10229553 0.10242954 0.10373486 0.09262258 0.10049634 0.09599869\n",
      "  0.10210709 0.09534514 0.10770043 0.09726985]\n",
      " [0.0945579  0.10151799 0.09693617 0.08496828 0.09784134 0.10065066\n",
      "  0.11330479 0.09222738 0.1229796  0.09501581]\n",
      " [0.09959512 0.08930599 0.1024505  0.07977597 0.09469739 0.10030911\n",
      "  0.12374898 0.09479415 0.12109888 0.09422383]\n",
      " [0.09015627 0.10322811 0.11671976 0.07849033 0.08671675 0.09102359\n",
      "  0.12686339 0.08664132 0.11401374 0.10614669]\n",
      " [0.1072991  0.10527794 0.10415007 0.08295871 0.10125355 0.09416043\n",
      "  0.09784186 0.08930278 0.12028091 0.09747466]\n",
      " [0.1184563  0.09774979 0.08799119 0.0823302  0.10058793 0.10460956\n",
      "  0.11047069 0.08855095 0.11461753 0.0946359 ]\n",
      " [0.09777718 0.10391755 0.09554608 0.09352047 0.11118367 0.08896619\n",
      "  0.10962155 0.08853785 0.10861634 0.10231314]\n",
      " [0.09512676 0.10048117 0.11662579 0.0774938  0.11096543 0.10182782\n",
      "  0.10299984 0.086726   0.10321409 0.10453934]\n",
      " [0.10497614 0.10991605 0.08927637 0.08941396 0.11579993 0.08924157\n",
      "  0.1109814  0.09192669 0.1070249  0.09144295]\n",
      " [0.10057832 0.1132359  0.09942462 0.08268212 0.11280236 0.10719283\n",
      "  0.09995618 0.0857117  0.11576685 0.08264921]\n",
      " [0.09854408 0.09605882 0.08762487 0.08955046 0.1126068  0.09537058\n",
      "  0.11337026 0.08467052 0.11547835 0.10672527]\n",
      " [0.10315417 0.10752372 0.09499595 0.09038554 0.09855155 0.0958883\n",
      "  0.10928853 0.09672026 0.10442745 0.09906455]\n",
      " [0.09547524 0.10446458 0.09552185 0.09323303 0.10108869 0.09976539\n",
      "  0.10727552 0.09696102 0.10152663 0.10468797]\n",
      " [0.10326869 0.10186328 0.10260803 0.08973046 0.09906156 0.09345068\n",
      "  0.10353182 0.09443977 0.10918152 0.1028642 ]\n",
      " [0.1012297  0.1084379  0.10302088 0.08697351 0.10121679 0.08876516\n",
      "  0.11146464 0.09308033 0.11430505 0.09150598]\n",
      " [0.10016757 0.1023895  0.10423621 0.08242488 0.11259539 0.09440428\n",
      "  0.10165627 0.09165904 0.11285753 0.0976094 ]\n",
      " [0.09290616 0.1036407  0.10483523 0.08110704 0.12127201 0.10537476\n",
      "  0.09363072 0.09325369 0.10927822 0.09470145]\n",
      " [0.09887884 0.10142568 0.09022943 0.09238405 0.09796511 0.09960662\n",
      "  0.10545281 0.09891196 0.10950843 0.105637  ]\n",
      " [0.11037251 0.10362061 0.08383162 0.08614872 0.10933697 0.11154334\n",
      "  0.11418755 0.08370561 0.0988232  0.09842986]\n",
      " [0.10255586 0.10491657 0.0925893  0.08008171 0.09222989 0.10159155\n",
      "  0.11241531 0.09747286 0.12030175 0.09584526]\n",
      " [0.09629834 0.09398092 0.11398458 0.08431496 0.09188586 0.09712861\n",
      "  0.10685141 0.08623091 0.11753254 0.11179192]\n",
      " [0.10364793 0.09887762 0.09486687 0.08008692 0.10504877 0.09950369\n",
      "  0.11156998 0.09034521 0.11883251 0.09722051]\n",
      " [0.10330479 0.09912021 0.11225624 0.08164185 0.08917464 0.08961926\n",
      "  0.1071074  0.10051727 0.12416548 0.09309289]\n",
      " [0.0946745  0.1042864  0.07971235 0.07806675 0.1062396  0.11445553\n",
      "  0.1029444  0.09354822 0.10843699 0.1176353 ]\n",
      " [0.10673022 0.10647977 0.09764682 0.07794096 0.10282799 0.08967346\n",
      "  0.12203959 0.08843666 0.10198452 0.10624014]\n",
      " [0.10798758 0.10098785 0.0987931  0.07612676 0.10037698 0.09757578\n",
      "  0.12481743 0.08861986 0.10699984 0.09771486]\n",
      " [0.10077412 0.09570681 0.11076903 0.08354846 0.10023726 0.09687304\n",
      "  0.10403674 0.09319708 0.11788005 0.0969775 ]]\n"
     ]
    },
    {
     "name": "stdout",
     "output_type": "stream",
     "text": [
      "INFO:tensorflow:loss = 2.310388, step = 1\n",
      "INFO:tensorflow:probabilities = [[0.09773844 0.10916207 0.09247372 0.08683078 0.09930734 0.09631791\n",
      "  0.11563867 0.08996423 0.1160899  0.09647697]\n",
      " [0.10939772 0.09894468 0.09486326 0.08747946 0.10693974 0.09641985\n",
      "  0.11306795 0.10030274 0.10215784 0.0904268 ]\n",
      " [0.09709086 0.09346521 0.10059555 0.09085421 0.08779464 0.09341232\n",
      "  0.115558   0.08820421 0.1166253  0.11639963]\n",
      " [0.08608963 0.11080696 0.10889985 0.08731267 0.09638807 0.09414993\n",
      "  0.11896043 0.09010165 0.12135474 0.08593603]\n",
      " [0.10533725 0.09886985 0.08736953 0.08687958 0.09408493 0.0939986\n",
      "  0.12105127 0.08659258 0.12758851 0.09822793]\n",
      " [0.10686485 0.09607201 0.09108594 0.08405464 0.10682733 0.1040678\n",
      "  0.10741776 0.09379795 0.10671039 0.10310127]\n",
      " [0.09759935 0.10023836 0.10002578 0.08679286 0.10928535 0.10084059\n",
      "  0.10063814 0.09451597 0.10944085 0.1006228 ]\n",
      " [0.1016054  0.09207746 0.11118047 0.08500756 0.11154211 0.09172869\n",
      "  0.10482445 0.09325016 0.11787126 0.09091244]\n",
      " [0.09360559 0.09860741 0.09829165 0.0803273  0.09636074 0.09345734\n",
      "  0.12094057 0.09246381 0.1133707  0.11257488]\n",
      " [0.09950252 0.09876627 0.10721344 0.08870142 0.09770957 0.10554783\n",
      "  0.11496591 0.0774302  0.10244457 0.10771822]\n",
      " [0.09551734 0.11113802 0.09414377 0.0768845  0.10805173 0.0972597\n",
      "  0.10842767 0.08225784 0.12154094 0.10477854]\n",
      " [0.09008174 0.10034305 0.10266039 0.09110562 0.11631335 0.09251793\n",
      "  0.10052396 0.0955811  0.10330485 0.10756803]\n",
      " [0.08983596 0.10507163 0.10302421 0.08944848 0.10246103 0.09652715\n",
      "  0.1214132  0.0898452  0.10862643 0.09374662]\n",
      " [0.09539496 0.10299277 0.09002038 0.08627699 0.10577758 0.10538647\n",
      "  0.10790694 0.09437225 0.11085733 0.10101428]\n",
      " [0.10606931 0.09745231 0.10122627 0.07937169 0.1042441  0.08663194\n",
      "  0.0959791  0.09809091 0.13202447 0.09890988]\n",
      " [0.10945152 0.10579407 0.10189081 0.09271745 0.09568304 0.08905218\n",
      "  0.10530756 0.09114184 0.10429815 0.10466336]\n",
      " [0.10994675 0.10268831 0.10176203 0.08125881 0.10462105 0.10512704\n",
      "  0.09719021 0.08847734 0.1090708  0.09985769]\n",
      " [0.09953186 0.09870471 0.11976707 0.08218039 0.10016986 0.09553159\n",
      "  0.10500492 0.08829805 0.11550681 0.09530482]\n",
      " [0.1018481  0.10920389 0.10163051 0.08449312 0.10295288 0.09049313\n",
      "  0.10915598 0.09379871 0.11184503 0.09457862]\n",
      " [0.10411084 0.10948078 0.10376083 0.0862927  0.10009387 0.09964001\n",
      "  0.10300948 0.08400743 0.11166306 0.09794097]\n",
      " [0.08437753 0.10525435 0.10289883 0.07557643 0.10427444 0.09658609\n",
      "  0.11622097 0.09138115 0.1130146  0.11041566]\n",
      " [0.10784227 0.08908323 0.1010065  0.08840492 0.09736959 0.09723432\n",
      "  0.11187856 0.09794773 0.11066425 0.09856863]\n",
      " [0.09913979 0.10273618 0.0890607  0.07585426 0.10973204 0.08607489\n",
      "  0.11037422 0.09995679 0.12209872 0.10497237]\n",
      " [0.08285699 0.11589769 0.10894638 0.08858818 0.11515956 0.08931015\n",
      "  0.10320407 0.09749731 0.11109044 0.08744925]\n",
      " [0.10896962 0.09897115 0.10694543 0.08353745 0.09865821 0.0792621\n",
      "  0.11318056 0.11318858 0.1134882  0.08379865]\n",
      " [0.11128075 0.09826379 0.0944028  0.08429427 0.10676491 0.08990403\n",
      "  0.10746221 0.09566014 0.11336674 0.09860044]\n",
      " [0.1089588  0.11063978 0.09114207 0.07871655 0.10967195 0.08358927\n",
      "  0.11285485 0.09158007 0.12083696 0.09200961]\n",
      " [0.09716236 0.11226678 0.09831343 0.09507884 0.0991405  0.09902371\n",
      "  0.10748079 0.08998676 0.10277034 0.0987765 ]\n",
      " [0.09919515 0.10645287 0.09204751 0.08916104 0.10620448 0.09770022\n",
      "  0.10366936 0.09044088 0.10917475 0.10595375]\n",
      " [0.10232288 0.10661338 0.09577841 0.07835005 0.089449   0.10261293\n",
      "  0.11122902 0.10167514 0.11381392 0.09815516]\n",
      " [0.09684412 0.0963649  0.10974614 0.0774317  0.1071228  0.10114498\n",
      "  0.1042696  0.08973809 0.10686952 0.11046824]\n",
      " [0.10474116 0.08517075 0.09984995 0.08580134 0.09216337 0.09666108\n",
      "  0.11450856 0.09775384 0.12429883 0.09905116]\n",
      " [0.10373197 0.11511528 0.10137997 0.07705569 0.09628525 0.09265253\n",
      "  0.1059606  0.0986604  0.10729682 0.10186153]\n",
      " [0.09507952 0.11512104 0.09532689 0.08728857 0.09750038 0.09361614\n",
      "  0.11684924 0.08691758 0.10965311 0.10264757]\n",
      " [0.1176251  0.10274751 0.09859888 0.08094604 0.09651434 0.09846757\n",
      "  0.09793042 0.09238808 0.11275645 0.10202566]\n",
      " [0.10222259 0.09835232 0.10260916 0.08173732 0.10708646 0.09906306\n",
      "  0.11438084 0.09884615 0.10980631 0.0858958 ]\n",
      " [0.10039734 0.10199644 0.09670032 0.08994514 0.09678292 0.09313513\n",
      "  0.10202136 0.10714292 0.10746402 0.10441437]\n",
      " [0.12503675 0.08569606 0.09809535 0.07763054 0.10623484 0.10182802\n",
      "  0.09700882 0.09532659 0.11538413 0.09775888]\n",
      " [0.10420667 0.09279839 0.0946669  0.09116705 0.10320957 0.09069209\n",
      "  0.10927101 0.10448088 0.1069916  0.10251582]\n",
      " [0.09939484 0.09682453 0.09334293 0.09022136 0.1025756  0.09693113\n",
      "  0.09970587 0.09442273 0.11301669 0.11356438]\n",
      " [0.11337505 0.11011898 0.10260913 0.08372668 0.10626642 0.10671026\n",
      "  0.08604313 0.08208595 0.10977917 0.09928519]\n",
      " [0.09901492 0.10217305 0.0954593  0.08618815 0.09862726 0.09601162\n",
      "  0.10387013 0.09138948 0.11570961 0.11155652]\n",
      " [0.09925282 0.09349727 0.11204388 0.07997417 0.10347761 0.09601188\n",
      "  0.10372835 0.09365734 0.11218255 0.10617417]\n",
      " [0.1097092  0.09700203 0.11232846 0.06993086 0.09112966 0.11745776\n",
      "  0.10866459 0.07500876 0.13139713 0.08737149]\n",
      " [0.10631587 0.09757731 0.10217074 0.08591927 0.10738012 0.10767867\n",
      "  0.10085505 0.08687527 0.10380584 0.10142188]\n",
      " [0.10165062 0.08805945 0.10222489 0.08814174 0.0968614  0.09081817\n",
      "  0.11703708 0.09422195 0.13013795 0.09084685]\n",
      " [0.10877137 0.10300766 0.08897991 0.08639554 0.11539938 0.09426046\n",
      "  0.10024872 0.08851923 0.10465571 0.10976201]\n",
      " [0.08969999 0.10060992 0.10463828 0.08367153 0.10809711 0.0979914\n",
      "  0.10519728 0.09365183 0.11029897 0.10614376]\n",
      " [0.1041361  0.1043734  0.09124295 0.09465342 0.11224796 0.09271788\n",
      "  0.10423798 0.08866023 0.10002965 0.10770042]\n",
      " [0.10060032 0.09910096 0.09841973 0.10157589 0.10344878 0.09350028\n",
      "  0.09545276 0.08087205 0.12095694 0.10607236]\n",
      " [0.11184839 0.1061125  0.10403124 0.08984359 0.09253123 0.08714834\n",
      "  0.09635559 0.08920571 0.12606381 0.09685951]\n",
      " [0.09872062 0.10114948 0.09954885 0.10007028 0.10465961 0.09405866\n",
      "  0.10676629 0.0859514  0.11293109 0.09614366]\n",
      " [0.10412347 0.09358004 0.0884036  0.08698149 0.10743814 0.102479\n",
      "  0.11569449 0.09283093 0.10432134 0.10414755]\n",
      " [0.10252283 0.10192104 0.08954304 0.1057725  0.10521802 0.095686\n",
      "  0.10159222 0.08370248 0.11070725 0.10333455]\n",
      " [0.08851863 0.10390506 0.10557373 0.08824663 0.10364277 0.09398801\n",
      "  0.10061035 0.08878471 0.10647425 0.12025586]\n",
      " [0.10205051 0.09342522 0.09304751 0.08826321 0.09360809 0.10876673\n",
      "  0.11520036 0.09364847 0.11404634 0.09794351]\n",
      " [0.09121229 0.09650523 0.10059386 0.07696112 0.09895074 0.10268894\n",
      "  0.12369166 0.09794693 0.11785608 0.09359315]\n",
      " [0.09678602 0.10530761 0.1121412  0.07259627 0.10844638 0.09013058\n",
      "  0.10784605 0.09208459 0.11376038 0.10090093]\n",
      " [0.10208568 0.11022394 0.09324399 0.0883726  0.10431158 0.0954916\n",
      "  0.10135191 0.09050993 0.10913826 0.10527049]\n",
      " [0.0963418  0.11031497 0.09104015 0.08897916 0.09815517 0.10094023\n",
      "  0.11724325 0.09407543 0.11155227 0.09135754]\n",
      " [0.11544698 0.10432462 0.09714331 0.09204477 0.10439695 0.10318778\n",
      "  0.10067673 0.09527925 0.10086665 0.08663298]\n",
      " [0.09101512 0.09664296 0.09398446 0.08905849 0.10122176 0.10116462\n",
      "  0.11678645 0.08953024 0.11490893 0.10568693]\n",
      " [0.10351893 0.10646491 0.09750111 0.07149581 0.09781653 0.09096429\n",
      "  0.11120253 0.08748735 0.13911702 0.09443145]\n",
      " [0.10931643 0.09884469 0.09413593 0.09418347 0.10666021 0.09132189\n",
      "  0.10573337 0.09037114 0.10817967 0.10125317]\n",
      " [0.1015416  0.11109378 0.09364564 0.07755237 0.09451941 0.09683316\n",
      "  0.10707217 0.08832197 0.12110902 0.10831089]\n",
      " [0.10017395 0.08913535 0.09758267 0.09990121 0.10602066 0.10494895\n",
      "  0.10150042 0.09448244 0.10507437 0.10118005]\n",
      " [0.09822028 0.10090616 0.0891462  0.0976845  0.10530337 0.09646731\n",
      "  0.10315462 0.09606552 0.11031922 0.1027329 ]\n",
      " [0.10247231 0.10487191 0.09897973 0.09201162 0.11106414 0.09565563\n",
      "  0.08629433 0.0942504  0.11655684 0.09784305]\n",
      " [0.1102866  0.08955623 0.11612477 0.08547145 0.10443368 0.09544932\n",
      "  0.10296226 0.08025068 0.10807971 0.10738523]\n",
      " [0.08900803 0.10363619 0.1084898  0.08438912 0.1038881  0.10961168\n",
      "  0.10389295 0.08817357 0.10761854 0.10129196]\n",
      " [0.09354777 0.11761233 0.09471793 0.08387236 0.10329366 0.10111285\n",
      "  0.11809699 0.07993418 0.11608244 0.09172942]\n",
      " [0.10551015 0.10646264 0.08670521 0.09697172 0.09065743 0.11963545\n",
      "  0.09337159 0.09542255 0.11524951 0.09001379]\n",
      " [0.10110691 0.09168938 0.09772876 0.08722205 0.10469959 0.09933308\n",
      "  0.10700412 0.0968307  0.11577085 0.09861462]\n",
      " [0.11161026 0.09864425 0.10355917 0.08539362 0.10754983 0.10033461\n",
      "  0.10852544 0.09564545 0.10862692 0.08011044]\n",
      " [0.10584275 0.09567058 0.09455444 0.0880556  0.11114119 0.10809569\n",
      "  0.09819919 0.09460672 0.10471354 0.09912035]\n",
      " [0.09118374 0.09568788 0.12130307 0.08177809 0.10963742 0.09270116\n",
      "  0.09981269 0.09201322 0.11490604 0.1009766 ]\n",
      " [0.10334636 0.10316361 0.11180105 0.07140739 0.09542851 0.10233252\n",
      "  0.10505003 0.08665906 0.12143494 0.09937657]\n",
      " [0.10258935 0.094699   0.09757264 0.09654791 0.11324985 0.11063284\n",
      "  0.09345786 0.09741477 0.10054823 0.09328749]\n",
      " [0.10853945 0.09934507 0.10652084 0.08331388 0.10235626 0.09675577\n",
      "  0.09895609 0.09933048 0.11630139 0.08858071]\n",
      " [0.09202811 0.09593625 0.11293665 0.08612709 0.09029587 0.104059\n",
      "  0.10422023 0.0840482  0.12015134 0.11019734]\n",
      " [0.10266947 0.10505918 0.09381179 0.0852183  0.0970621  0.1083895\n",
      "  0.09823206 0.09340884 0.12082322 0.09532557]\n",
      " [0.10222929 0.10251298 0.09564247 0.08436985 0.1067746  0.10481589\n",
      "  0.09833487 0.08746494 0.11391284 0.10394224]\n",
      " [0.10289112 0.10255051 0.10271084 0.09533206 0.10366663 0.09800965\n",
      "  0.09681519 0.08273297 0.11210588 0.10318523]\n",
      " [0.08891592 0.09785543 0.09727624 0.08687201 0.10168113 0.10066048\n",
      "  0.12033531 0.09917635 0.10756765 0.09965951]\n",
      " [0.11257929 0.09783037 0.10325691 0.09415694 0.09162747 0.08329953\n",
      "  0.10063121 0.09164006 0.12765102 0.09732712]\n",
      " [0.095703   0.10590501 0.08998958 0.07617285 0.09363027 0.10842766\n",
      "  0.10090952 0.10021614 0.13427757 0.09476846]\n",
      " [0.09660965 0.10784795 0.10553806 0.0886218  0.10505791 0.0909448\n",
      "  0.10437225 0.09202357 0.10518707 0.1037969 ]\n",
      " [0.11001783 0.09684889 0.09155251 0.07947655 0.11173903 0.08436853\n",
      "  0.12294436 0.08392005 0.13008858 0.08904368]\n",
      " [0.0976779  0.1002836  0.09482417 0.09525909 0.10436294 0.10204691\n",
      "  0.10218574 0.10058685 0.1082529  0.09451985]\n",
      " [0.10438713 0.09653567 0.11287762 0.07573758 0.11114423 0.09118839\n",
      "  0.1118511  0.08778462 0.11016608 0.09832753]\n",
      " [0.107333   0.11288248 0.09451583 0.08108258 0.10720203 0.09838293\n",
      "  0.1121686  0.07384693 0.11556406 0.09702156]\n",
      " [0.09408098 0.10170555 0.11025506 0.0801997  0.099025   0.09111556\n",
      "  0.10421184 0.09898089 0.10489672 0.11552864]\n",
      " [0.10605416 0.09162045 0.09430917 0.09014157 0.10874336 0.09851697\n",
      "  0.10042714 0.08809853 0.10737383 0.11471487]\n",
      " [0.10113997 0.09853379 0.10964525 0.08080473 0.0885376  0.09533592\n",
      "  0.10679429 0.09034117 0.12752447 0.10134286]\n",
      " [0.10693698 0.10735393 0.0982642  0.08210891 0.10759506 0.09394296\n",
      "  0.10274337 0.08711237 0.11999494 0.09394725]\n",
      " [0.09929404 0.1162752  0.1120327  0.08266482 0.09563542 0.0875502\n",
      "  0.09944785 0.09805283 0.11204145 0.09700545]\n",
      " [0.09585405 0.09822499 0.10125387 0.09967647 0.10153309 0.10407477\n",
      "  0.11100099 0.09215773 0.10580389 0.09042016]\n",
      " [0.09410188 0.09881166 0.091565   0.0847998  0.10286143 0.10386763\n",
      "  0.1055016  0.089958   0.11306112 0.11547191]\n",
      " [0.11437516 0.10015563 0.09718008 0.08508252 0.10342408 0.08536227\n",
      "  0.11386461 0.0908519  0.11767459 0.09202918]\n",
      " [0.1038962  0.10261677 0.10351067 0.09171356 0.10442039 0.10884037\n",
      "  0.11293195 0.08944892 0.09989541 0.08272573]] (18.109 sec)\n"
     ]
    },
    {
     "name": "stdout",
     "output_type": "stream",
     "text": [
      "INFO:tensorflow:global_step/sec: 2.80093\n",
      "INFO:tensorflow:probabilities = [[0.09793612 0.0962257  0.11115367 0.0818878  0.09297162 0.10022508\n",
      "  0.10993107 0.1021276  0.11012963 0.0974117 ]\n",
      " [0.08957126 0.09798961 0.10112412 0.08771538 0.10995019 0.08814013\n",
      "  0.11359506 0.0986196  0.1122695  0.1010251 ]\n",
      " [0.09561941 0.09884361 0.10552989 0.09189615 0.10831294 0.09993122\n",
      "  0.11139662 0.08198203 0.11127087 0.09521727]\n",
      " [0.10198351 0.09825892 0.10169324 0.08741388 0.09776947 0.11451733\n",
      "  0.10041776 0.09591731 0.10859473 0.09343381]\n",
      " [0.09970309 0.10364161 0.1099596  0.09237435 0.09788785 0.09703327\n",
      "  0.10486018 0.08627716 0.10906813 0.09919478]\n",
      " [0.10063863 0.10355911 0.09364434 0.09637305 0.11524263 0.09376787\n",
      "  0.09677564 0.09566902 0.10770549 0.09662427]\n",
      " [0.10948832 0.10899974 0.09606302 0.08274927 0.11549233 0.10136008\n",
      "  0.09430794 0.08610589 0.11362786 0.09180557]\n",
      " [0.10553573 0.10047048 0.09825482 0.08772492 0.10173579 0.09089082\n",
      "  0.11719365 0.08704392 0.11243466 0.09871518]\n",
      " [0.10000746 0.10854653 0.0877757  0.08395449 0.11354957 0.09986327\n",
      "  0.09734423 0.09055784 0.11333373 0.1050672 ]\n",
      " [0.11097551 0.09976868 0.09394416 0.08882956 0.1055659  0.09219662\n",
      "  0.10238163 0.08800538 0.11455362 0.10377892]\n",
      " [0.09542305 0.09916939 0.09702887 0.08455486 0.12552251 0.08508918\n",
      "  0.10050132 0.09372337 0.11759892 0.10138847]\n",
      " [0.10398109 0.10166369 0.10159161 0.09578875 0.09052975 0.1012227\n",
      "  0.10072726 0.10102096 0.10814292 0.09533131]\n",
      " [0.09906983 0.1034236  0.09990947 0.09509153 0.09103689 0.0983523\n",
      "  0.10651631 0.09959333 0.11441503 0.09259168]\n",
      " [0.10963675 0.10996294 0.107504   0.07638118 0.09721013 0.08757414\n",
      "  0.09975128 0.09928849 0.11071043 0.10198059]\n",
      " [0.10191403 0.10449819 0.1193886  0.0765463  0.09242871 0.0948301\n",
      "  0.12467258 0.08374162 0.11047599 0.09150377]\n",
      " [0.07675838 0.09560327 0.1175855  0.07571086 0.10065088 0.1095302\n",
      "  0.10527237 0.10157837 0.11368676 0.10362344]\n",
      " [0.10990076 0.09025469 0.09015424 0.08880252 0.09764093 0.10180027\n",
      "  0.10119118 0.08400086 0.11891537 0.1173391 ]\n",
      " [0.10669485 0.0933539  0.07716878 0.09666006 0.10962342 0.08870143\n",
      "  0.10292745 0.09156735 0.12407512 0.10922763]\n",
      " [0.09573889 0.08650275 0.11610255 0.08218545 0.08300139 0.09417302\n",
      "  0.11949866 0.10260855 0.11918186 0.10100689]\n",
      " [0.10258813 0.09801461 0.09830683 0.08938472 0.09588584 0.09342606\n",
      "  0.11859807 0.09239373 0.11948917 0.09191287]\n",
      " [0.09084629 0.11064393 0.1077989  0.07806096 0.10734052 0.08410785\n",
      "  0.10822379 0.08306521 0.12041157 0.10950097]\n",
      " [0.10631207 0.0870003  0.09641002 0.08355697 0.12174939 0.09754953\n",
      "  0.09353579 0.08877016 0.12200293 0.10311287]\n",
      " [0.10449414 0.09753003 0.09624304 0.07673524 0.09955233 0.10017714\n",
      "  0.11747655 0.09929344 0.11454886 0.09394917]\n",
      " [0.09433013 0.10712631 0.10755552 0.08580442 0.10374911 0.08904668\n",
      "  0.10682458 0.10500222 0.10307176 0.09748928]\n",
      " [0.11380656 0.09666286 0.09440593 0.07866138 0.10233382 0.09928958\n",
      "  0.10098253 0.10408928 0.11330575 0.09646227]\n",
      " [0.10434817 0.09821176 0.10578381 0.09145448 0.09651256 0.10224157\n",
      "  0.10323305 0.08979408 0.11948372 0.0889368 ]\n",
      " [0.11084569 0.09332533 0.10551605 0.0874892  0.0991104  0.10511313\n",
      "  0.10260548 0.09075451 0.10708319 0.098157  ]\n",
      " [0.11154181 0.10920874 0.09952047 0.09351256 0.0952826  0.09072786\n",
      "  0.1003099  0.09130382 0.0993316  0.1092606 ]\n",
      " [0.12192982 0.10248476 0.09226038 0.08204386 0.10483952 0.11460809\n",
      "  0.10394789 0.09086986 0.10506472 0.08195102]\n",
      " [0.09244005 0.10083948 0.10065581 0.08115677 0.09957308 0.09490949\n",
      "  0.11329969 0.09812576 0.117937   0.10106287]\n",
      " [0.09820702 0.10432555 0.0987867  0.10277089 0.09471704 0.09354229\n",
      "  0.09534519 0.10351322 0.10962326 0.0991689 ]\n",
      " [0.09652368 0.09258413 0.09642968 0.08741711 0.09967131 0.09745151\n",
      "  0.11572766 0.09192835 0.11434361 0.10792293]\n",
      " [0.10639944 0.10581961 0.10729059 0.08868955 0.1116407  0.09169359\n",
      "  0.10592379 0.09125196 0.09918734 0.09210346]\n",
      " [0.10899547 0.11549266 0.10868917 0.07820062 0.09328826 0.08931481\n",
      "  0.10464073 0.08423725 0.11255689 0.10458411]\n",
      " [0.09760264 0.09801191 0.09829238 0.08740578 0.10613581 0.10604911\n",
      "  0.09789978 0.10383952 0.10953428 0.09522884]\n",
      " [0.11252684 0.0971387  0.09685963 0.09746609 0.10123512 0.09229793\n",
      "  0.09615737 0.10070312 0.10643522 0.09917989]\n",
      " [0.10811362 0.10599215 0.10829056 0.07560026 0.11135194 0.09569982\n",
      "  0.1110588  0.08350595 0.10911999 0.09126689]\n",
      " [0.1096357  0.10644089 0.09758057 0.08499329 0.10715492 0.08995653\n",
      "  0.10155267 0.09635419 0.11409317 0.09223808]\n",
      " [0.10171986 0.1013819  0.10169861 0.09585708 0.10156123 0.09370098\n",
      "  0.10366166 0.09256915 0.11302377 0.09482568]\n",
      " [0.1034128  0.10172136 0.11446379 0.09735177 0.08997511 0.09574267\n",
      "  0.106277   0.08464534 0.10151525 0.10489497]\n",
      " [0.10558689 0.10041699 0.10005726 0.09254473 0.10585051 0.10305605\n",
